4.255653935154076350e+01 1.623119968734986429e+01 2.357069413996727703e-01
3.884538653735192693e+00 -8.040416366227800538e+00 5.633142670601354318e-01
1.223718195388380359e+01 -5.958526294418987845e+00 6.979813907830659803e-01
2.719888085775082942e+01 -3.622164904025336973e+00 9.077326525210226427e-01
1.846453968844698679e+01 -3.989374442674748167e+00 1.374479092677537428e+00
1.140990453502811341e+01 -3.014860277337606753e+00 2.066880249629082122e+00
5.614660681085672955e+00 -1.187531134202603811e+00 3.720236681413067625e+00
3.805848463667768744e+00 -1.554761152554511305e-01 1.000000000000000000e+01
2.661963023135931472e+00 9.884093252763861415e-01 2.024446509976803910e+01
1.797355940325946699e+00 2.117851010028168002e+00 1.000000000000000000e+02
